0.439473602475 0.129380324192 0.431146073332 
0.42256236069 0.123377465325 0.454060173985 
0.411385273916 0.124611946091 0.464002779993 
0.393025712723 0.139167648565 0.467806638712 
0.36058001815 0.171454596966 0.467965384884 
0.325118118572 0.211774947853 0.463106933574 
0.301318679215 0.243970056567 0.454711264218 
0.288718539318 0.265156079933 0.446125380749 
0.280920762975 0.280323107694 0.438756129331 
0.275383427164 0.292314939074 0.432301633762 
0.270996629805 0.302583940285 0.42641942991 
0.267278255888 0.311565382012 0.421156362101 
0.264187015664 0.319174141234 0.416638843102 
0.261714581619 0.325388729208 0.412896689173 
0.259796498446 0.330337112891 0.409866388664 
0.258341192071 0.334215090644 0.407443717285 
0.257256964962 0.337222079402 0.405520955636 
0.256463589892 0.339534428941 0.404001981167 
0.255895072179 0.341299256399 0.402805671422 
0.255498768256 0.342636034263 0.401865197481 
0.255233375841 0.343640350247 0.401126273912 
0.255066811126 0.344387904591 0.400545284284 
0.254974318584 0.344938164772 0.400087516644 
0.254936894892 0.345337531146 0.399725573962 
0.254940014822 0.345622001396 0.399437983782 
0.254972618769 0.345819367908 0.399208013323 
0.25502631692 0.345951000555 0.399022682525 
0.255094768578 0.346033273793 0.39887195763 
0.2551732009 0.346078696589 0.39874810251 
0.25525803748 0.346096799204 0.398645163316 
0.255346612731 0.346094824257 0.398558563012 
0.255436952927 0.346078262296 0.398484784777 
0.255527608726 0.346051265027 0.398421126246 
0.255617527358 0.346016963043 0.3983655096 
0.25570595523 0.345977709448 0.398316335322 
0.255792363844 0.345935266257 0.398272369898 
0.255876393509 0.345890946745 0.398232659746 
0.255957810639 0.345845724 0.398196465361 
0.256036475404 0.34580031361 0.398163210986 
0.256112317253 0.345755236566 0.398132446181 
0.256185316427 0.345710867077 0.398103816495 
0.256255490018 0.345667468885 0.398077041097 
0.256322881478 0.345625222815 0.398051895707 
0.25638755275 0.34558424766 0.398028199589 
0.256449578375 0.345544616007 0.398005805619 
0.256509041099 0.345506366195 0.397984592706 
0.25656602862 0.34546951137 0.39796446001 
0.256620631183 0.3454340463 0.397945322517 
0.256672939825 0.345399952526 0.397927107649 
0.256723045103 0.345367202219 0.397909752677 
0.25677103619 0.345335761086 0.397893202725 
0.256817000237 0.34530559053 0.397877409232 
0.25686102195 0.345276649272 0.397862328778 
0.256903183305 0.34524889454 0.397847922155 
0.256943563388 0.345222282949 0.397834153664 
0.256982238305 0.345196771146 0.397820990549 
0.257019281165 0.345172316271 0.397808402563 
0.257054762096 0.345148876284 0.39779636162 
0.257088748295 0.345126410191 0.397784841514 
0.2571213041 0.3451048782 0.397773817701 
0.257152491073 0.345084241813 0.397763267114 
0.257182368102 0.345064463882 0.397753168016 
0.25721099149 0.345045508633 0.397743499877 
0.257238415067 0.345027341668 0.397734243265 
0.257264690286 0.34500992995 0.397725379765 
0.257289866327 0.344993241776 0.397716891897 
0.257313990196 0.344977246749 0.397708763055 
0.257337106822 0.344961915733 0.397700977445 
0.257359259151 0.344947220815 0.397693520034 
0.257380488235 0.34493313526 0.397686376505 
0.257400833318 0.344919633466 0.397679533216 
0.25742033192 0.344906690921 0.397672977159 
0.257439019916 0.344894284156 0.397666695928 
0.257456931609 0.344882390706 0.397660677686 
0.257474099806 0.344870989062 0.397654911132 
