0.999729457901 0.000260322895162 1.02192037263e-05 
0.997760897162 0.00220624700588 3.28558322153e-05 
0.976042481663 0.0237232759823 0.000234242355056 
0.914444860458 0.0846438774236 0.000911262118616 
0.871847265716 0.125638594461 0.0025141398234 
0.836500250059 0.157563294201 0.00593645573967 
0.806843253025 0.182650936616 0.010505810359 
0.780692301104 0.203045253009 0.0162624458868 
0.760438463316 0.216278624902 0.0232829117811 
0.737942487755 0.224825263047 0.0372322491981 
0.712556192769 0.226555038194 0.0608887690367 
0.691204252289 0.223520721215 0.0852750264956 
0.668676648592 0.220445866736 0.110877484671 
0.640441235584 0.218502874346 0.14105589007 
0.606927620215 0.217486502354 0.175585877431 
0.574756022638 0.217164456836 0.208079520526 
0.548251703382 0.217248478457 0.234499818161 
0.526089442667 0.217679865584 0.256230691749 
0.506169892431 0.218608003172 0.275222104397 
0.487413168278 0.220052546441 0.292534285281 
0.469352494667 0.221887925779 0.308759579554 
0.451627335505 0.223943033903 0.324429630592 
0.434266628917 0.226083203444 0.339650167639 
0.418110491846 0.228204699078 0.353684809076 
0.404590620387 0.230223285045 0.365186094567 
0.394434523503 0.232074265468 0.373491211029 
0.387215975047 0.233740742777 0.379043282176 
0.382138056303 0.235243583847 0.38261835985 
0.378542696312 0.236606856803 0.384850446886 
0.375984752903 0.237848275016 0.386166972082 
0.374165475401 0.238981541231 0.386852983368 
0.372874478495 0.240018631426 0.387106890079 
0.371958864355 0.240970629655 0.38707050599 
0.371307132071 0.241847890383 0.386844977546 
0.370838977413 0.24265998328 0.386501039307 
0.370497541621 0.243415603156 0.386086855222 
0.370243193826 0.244122514799 0.385634291375 
0.370048646376 0.244787549726 0.385163803898 
0.36989526651 0.245416647425 0.384688086065 
0.369770391522 0.246014925713 0.384214682765 
0.369665429386 0.246586765448 0.383747805167 
0.36957454275 0.24713589851 0.383289558741 
0.369493750392 0.247665491975 0.382840757633 
0.369420319844 0.248178224612 0.382401455544 
0.369352359531 0.248676354094 0.381971286375 
0.369288545981 0.249161774713 0.381549679307 
0.369227941737 0.249636066182 0.381135992082 
0.369169873844 0.250100534519 0.380729591637 
0.369113852656 0.250556246136 0.380329901207 
0.369059517433 0.251004056282 0.379936426285 
0.369006599728 0.2514446329 0.379548767372 
0.368954898586 0.251878476881 0.379166624533 
0.3689042636 0.252305939538 0.378789796861 
0.368854583191 0.252727238045 0.378418178764 
0.368805776364 0.253142469439 0.378051754198 
0.368757786792 0.253551623686 0.377690589522 
0.368710578434 0.25395459621 0.377334825356 
0.368664132176 0.254351200165 0.376984667659 
0.368618443147 0.254741178648 0.376640378204 
0.368573518469 0.255124216968 0.376302264562 
0.368529375292 0.255499954978 0.37597066973 
0.368486039011 0.255867999426 0.375645961563 
0.368443541599 0.256227936209 0.375328522192 
0.368401920024 0.256579342367 0.375018737609 
0.368361214738 0.256921797608 0.374716987655 
0.36832146822 0.257254895171 0.374423636609 
0.368282723609 0.257578251791 0.3741390246 
0.36824502341 0.257891516582 0.373863460008 
0.368208408314 0.258194378667 0.373597213019 
0.368172916132 0.258486573426 0.373340510442 
0.368138580879 0.25876788729 0.373093531831 
0.368105431994 0.259038161053 0.372856406952 
0.368073493734 0.259297291724 0.372629214542 
0.368042784719 0.259545232997 0.372411982284 
0.368013317646 0.259781994455 0.372204687899 
