0.0519703761554 0.87640786628 0.0716217575642 
0.0571601981433 0.86954697517 0.0732928266866 
0.0702245350968 0.851575677918 0.0781997869856 
0.096179648753 0.813637362275 0.0901829889716 
0.138815746966 0.748537529154 0.11264672388 
0.186714358283 0.677680160182 0.135605481535 
0.22331997467 0.633211682771 0.143468342559 
0.247671151851 0.607822788832 0.144506059317 
0.255939076359 0.598211376062 0.145849547579 
0.260572475243 0.593317747667 0.146109777091 
0.265376905571 0.588837532094 0.145785562335 
0.268695004627 0.583078025117 0.148226970255 
0.270557215007 0.576121506077 0.153321278916 
0.273232106836 0.56782556304 0.158942330124 
0.279022843208 0.557566206291 0.163410950502 
0.287610856175 0.545376951638 0.167012192186 
0.297197115166 0.532219824459 0.170583060375 
0.306083545982 0.519405873173 0.174510580845 
0.313374190576 0.507781411914 0.17884439751 
0.319075759366 0.497433990521 0.183490250113 
0.323708832846 0.487984882343 0.18830628481 
0.327820779681 0.47903829743 0.193140922889 
0.331677753393 0.47047500973 0.197847236877 
0.335261656209 0.462445239637 0.202293104154 
0.338449950773 0.455172327444 0.206377721783 
0.341151234057 0.448801544625 0.210047221319 
0.343363392166 0.443340962101 0.213295645733 
0.345177142738 0.438668966044 0.216153891218 
0.346720221896 0.434604966021 0.218674812083 
0.348096323299 0.430985098841 0.22091857786 
0.349360006545 0.427698075031 0.222941918425 
0.350521479842 0.424686057907 0.22479246225 
0.351564004001 0.421929052163 0.226506943836 
0.352462873792 0.419425357668 0.228111768541 
0.353199627423 0.417175534713 0.229624837865 
0.353768551095 0.4151736386 0.231057810305 
0.354176370436 0.413405435339 0.232418194225 
0.354438384172 0.411850652193 0.233710963634 
0.354574098673 0.41048624537 0.234939655958 
0.354603920926 0.409289027071 0.236107052004 
0.354547186398 0.408237245776 0.237215567826 
0.354421218592 0.407311315382 0.238267466027 
0.354241025484 0.406494013455 0.239264961061 
0.354019333474 0.405770401331 0.240210265195 
0.353766775663 0.405127621858 0.241105602479 
0.35349213567 0.404554658209 0.241953206121 
0.353202598391 0.404042093806 0.242755307803 
0.352903985933 0.403581890411 0.243514123655 
0.352600970263 0.403167190171 0.244231839566 
0.3522972604 0.402792142298 0.244910597302 
0.351995764791 0.402451752934 0.245552482275 
0.351698730693 0.402141755977 0.246159513329 
0.351407862836 0.401858502475 0.246733634689 
0.3511244237 0.401598866289 0.247276710011 
0.350849317713 0.401360163888 0.2477905184 
0.350583161497 0.401140086355 0.248276752148 
0.350326342128 0.400936641884 0.248737015988 
0.350079065178 0.400748107241 0.249172827581 
0.349841394116 0.400572986866 0.249585619018 
0.34961328244 0.400409978452 0.249976739107 
0.349394599739 0.400257944003 0.250347456258 
0.349185152719 0.400115885498 0.250698961783 
0.34898470207 0.399982924439 0.251032373491 
0.348792975912 0.399858284653 0.251348739435 
0.348609680448 0.399741277814 0.251649041738 
0.348434508343 0.399631291245 0.251934200411 
0.348267145263 0.399527777629 0.252205077108 
0.348107274922 0.399430246304 0.252462478774 
0.347954582942 0.399338255893 0.252707161165 
0.347808759752 0.399251408047 0.252939832201 
0.347669502733 0.39916934211 0.253161155157 
0.347536517758 0.399091730573 0.253371751669 
0.347409520256 0.399018275175 0.253572204569 
0.347288235908 0.398948703556 0.253763060536 
0.347172401055 0.398882766371 0.253944832575 
