0.00613176636073 0.429850633029 0.56401760061 
0.00631405703119 0.429834453698 0.563851489271 
0.0128930352232 0.429474398948 0.557632565829 
0.0134619111101 0.389817315238 0.596720773651 
0.0141733035703 0.34314626044 0.64268043599 
0.0148312779378 0.308419352129 0.676749369933 
0.0152271359675 0.285844406335 0.698928457697 
0.0151693390013 0.271559183682 0.713271477317 
0.0147005785895 0.262953617865 0.722345803545 
0.0140532109663 0.258414861319 0.727531927715 
0.0135029558306 0.256804116824 0.729692927345 
0.0131744213 0.257335606277 0.729489972423 
0.0130520704607 0.25941477338 0.727533156159 
0.0130790592582 0.262557121196 0.724363819546 
0.0132004411795 0.266391307337 0.720408251484 
0.0133731607322 0.270648597823 0.715978241445 
0.013567093157 0.275143961344 0.711288945499 
0.0137630774712 0.279755780101 0.706481142427 
0.0139500858982 0.284407513182 0.70164240092 
0.0141226225105 0.289053136966 0.696824240524 
0.0142787007039 0.293666574754 0.692054724542 
0.014418400879 0.298234432242 0.687347166879 
0.0145429024334 0.302751153635 0.682705943931 
0.0146538690858 0.307215834925 0.678130295989 
0.0147530808939 0.311630129187 0.673616789919 
0.0148422290375 0.315996856169 0.669160914793 
0.0149228123854 0.320319062385 0.664758125229 
0.0149960943936 0.324599372114 0.660404533492 
0.0150630937775 0.328839533499 0.656097372723 
0.0151245929311 0.333040106151 0.651835300918 
0.0151811550912 0.337200263677 0.647618581232 
0.0152331457082 0.341317700724 0.643449153568 
0.0152807561825 0.345388641893 0.639330601924 
0.0153240295986 0.349407951034 0.635268019368 
0.0153628887123 0.3533693353 0.631267775988 
0.0153971664635 0.357265630741 0.627337202795 
0.0154266388653 0.361089147296 0.623484213838 
0.0154510594547 0.364832043466 0.619716897079 
0.0154701937496 0.368486696974 0.616043109276 
0.0154838515661 0.372046038818 0.612470109616 
0.015491914773 0.37550382432 0.609004260907 
0.0154943582358 0.378854824738 0.605650817026 
0.0154912623113 0.382094934399 0.60241380329 
0.0154828162038 0.385221198819 0.599295984977 
0.0154693125632 0.388231776988 0.596298910449 
0.0154511346801 0.391125855134 0.593423010186 
0.0154287383134 0.393903530037 0.59066773165 
0.0154026304912 0.396565678061 0.588031691448 
0.0153733475553 0.399113822743 0.585512829702 
0.0153414343652 0.401550009898 0.583108555737 
0.0153074260548 0.403876695618 0.580815878327 
0.0152718331743 0.406096649607 0.578631517219 
0.0152351305377 0.408212874181 0.576551995282 
0.015197749692 0.410228537897 0.574573712411 
0.015160074643 0.412146922079 0.572693003278 
0.0151224403174 0.413971378195 0.570906181488 
0.0150851331794 0.415705294107 0.569209572714 
0.0150483934322 0.417352067382 0.567599539186 
0.0150124182946 0.418915084132 0.566072497574 
0.0149773659209 0.420397702138 0.564624931941 
0.0149433596251 0.421803237283 0.563253403092 
0.0149104921499 0.423134952537 0.561954555313 
0.0148788298004 0.424396048958 0.560725121241 
0.0148484163225 0.425589658279 0.559561925398 
0.0148192764534 0.426718836806 0.55846188674 
0.0147914191127 0.427786560407 0.557422020481 
0.0147648402239 0.428795720438 0.556439439338 
0.0147395251792 0.429749120505 0.555511354316 
0.0147154509669 0.430649473963 0.55463507507 
0.0146925879923 0.431499402087 0.553808009921 
0.014670901621 0.432301432864 0.553027665515 
0.0146503534771 0.433058000345 0.552291646178 
0.0146309025281 0.433771444506 0.551597652966 
0.0146125059831 0.434444011585 0.550943482432 
0.0145951200315 0.435077854825 0.550327025143 
0.0145787004456 0.435675035601 0.549746263953 
0.0145632030675 0.436237524871 0.549199272061 
0.0145485841979 0.436767204915 0.548684210887 
0.0145348009034 0.43726587132 0.548199327777 
0.0145218112545 0.437735235171 0.547742953575 
0.0145095745071 0.438176925413 0.54731350008 
0.0144980512359 0.438592491348 0.546909457416 
0.0144872034291 0.438983405238 0.546529391333 
0.0144769945511 0.439351064983 0.546171940466 
0.0144673895788 0.439696796851 0.545835813571 
0.0144583550165 0.440021858237 0.545519786747 
0.0144498588943 0.440327440428 0.545222700677 
0.0144418707527 0.440614671362 0.544943457885 
0.0144343616157 0.440884618355 0.544681020029 
0.0144273039575 0.441138290795 0.544434405247 
0.0144206716607 0.441376642789 0.54420268555 
0.0144144399715 0.441600575746 0.543984984283 
0.0144085854512 0.441810940895 0.543780473654 
0.014403085925 0.442008541737 0.543588372338 
0.0143979204299 0.442194136413 0.543407943157 
0.0143930691625 0.442368439999 0.543238490838 
0.0143885134263 0.44253212671 0.543079359863 
0.0143842355793 0.442685832029 0.542929932391 
0.0143802189834 0.442830154747 0.54278962627 
0.014376447954 0.442965658917 0.542657893129 
0.0143729077117 0.443092875727 0.542534216561 
0.0143695843348 0.44321230529 0.542418110375 
0.0143664647146 0.443324418348 0.542309116937 
0.0143635365111 0.443429657901 0.542206805588 
0.0143607881115 0.443528440754 0.542110771134 
0.0143582085901 0.443621158991 0.542020632419 
0.01435578767 0.443708181372 0.541936030958 
0.0143535156864 0.443789854667 0.541856629646 
0.0143513835525 0.443866504909 0.541782111538 
0.0143493827259 0.443938438592 0.541712178682 
0.0143475051772 0.444005943802 0.54164655102 
0.0143457433611 0.444069291286 0.541584965353 
0.0143440901875 0.444128735464 0.541527174348 
0.0143425389948 0.444184515388 0.541472945617 
0.0143410835255 0.444236855645 0.54142206083 
0.0143397179014 0.444285967211 0.541374314888 
0.0143384366019 0.444332048258 0.541329515141 
0.0143372344423 0.444375284913 0.541287480644 
0.0143361065539 0.44441585198 0.541248041467 
0.0143350483649 0.444453913609 0.541211038026 
0.0143340555832 0.44448962394 0.541176320476 
0.0143331241788 0.444523127704 0.541143748118 
0.0143322503686 0.444554560782 0.54111318885 
0.014331430601 0.444584050745 0.541084518654 
0.0143306615425 0.444611717356 0.541057621102 
0.0143299400639 0.444637673035 0.541032386901 
0.0143292632283 0.444662023312 0.541008713459 
0.0143286282792 0.44468486724 0.540986504481 
0.0143280326295 0.444706297789 0.540965669582 
0.0143274738514 0.444726402218 0.540946123931 
0.0143269496664 0.444745262421 0.540927787913 
0.0143264579363 0.444762955254 0.540910586809 
0.0143259966549 0.444779552845 0.5408944505 
0.0143255639393 0.44479512288 0.540879313181 
0.0143251580228 0.444809728874 0.540865113103 
0.0143247772479 0.444823430431 0.540851792321 
0.0143244200591 0.444836283477 0.540839296464 
0.014324084997 0.444848340493 0.54082757451 
0.0143237706924 0.444859650718 0.54081657859 
0.0143234758604 0.444870260355 0.540806263785 
0.0143231992958 0.444880212755 0.54079658795 
0.0143229398678 0.44488954859 0.540787511542 
0.0143226965152 0.444898306023 0.540778997462 
0.0143224682427 0.444906520856 0.540771010901 
0.0143222541165 0.444914226681 0.540763519203 
0.0143220532605 0.444921455012 0.540756491727 
0.0143218648527 0.444928235417 0.54074989973 
0.0143216881222 0.444934595633 0.540743716245 
0.0143215223455 0.444940561684 0.540737915971 
0.0143213668441 0.444946157982 0.540732475174 
0.0143212209814 0.444951407431 0.540727371588 
0.0143210841601 0.444956331516 0.540722584323 
0.0143209558202 0.444960950395 0.540718093785 
0.0143208354359 0.444965282974 0.54071388159 
0.0143207225144 0.444969346994 0.540709930492 
0.0143206165932 0.444973159094 0.540706224313 
0.0143205172384 0.444976734884 0.540702747878 
0.0143204240431 0.444980089007 0.54069948695 
0.0143203366255 0.444983235201 0.540696428174 
0.0143202546276 0.444986186351 0.540693559021 
0.0143201777133 0.444988954545 0.540690867741 
0.0143201055677 0.444991551123 0.54068834331 
0.0143200378951 0.44499398672 0.540685975385 
0.0143199744183 0.444996271316 0.540683754266 
0.0143199148771 0.444998414269 0.540681670854 
0.0143198590275 0.445000424359 0.540679716613 
0.0143198066409 0.445002309823 0.540677883536 
0.0143197575023 0.445004078386 0.540676164112 
0.0143197114106 0.445005737293 0.540674551296 
0.0143196681767 0.445007293344 0.540673038479 
0.0143196276236 0.445008752915 0.540671619462 
0.014319589585 0.445010121986 0.540670288429 
0.0143195539051 0.445011406168 0.540669039926 
0.0143195204375 0.445012610725 0.540667868837 
0.0143194890451 0.445013740593 0.540666770362 
0.0143194595993 0.445014800401 0.540665739999 
0.0143194319794 0.445015794495 0.540664773525 
0.0143194060721 0.445016726948 0.54066386698 
0.0143193817713 0.445017601583 0.540663016646 
0.0143193589773 0.445018421983 0.54066221904 
0.0143193375968 0.445019191512 0.540661470891 
0.0143193175421 0.445019913323 0.540660769134 
0.0143192987309 0.445020590377 0.540660110892 
0.0143192810863 0.445021225447 0.540659493467 
0.0143192645357 0.445021821136 0.540658914328 
0.0143192490115 0.445022379888 0.540658371101 
0.0143192344499 0.445022903991 0.540657861559 
0.0143192207913 0.445023395595 0.540657383614 
0.0143192079797 0.445023856715 0.540656935306 
0.0143191959625 0.44502428924 0.540656514797 
0.0143191846905 0.445024694945 0.540656120365 
0.0143191741175 0.445025075491 0.540655750392 
0.0143191642002 0.445025432439 0.54065540336 
0.0143191548978 0.445025767253 0.540655077849 
0.0143191461723 0.445026081305 0.540654772523 
0.0143191379879 0.445026375882 0.54065448613 
0.014319130311 0.445026652192 0.540654217497 
0.0143191231102 0.445026911367 0.540653965523 
0.0143191163559 0.445027154471 0.540653729173 
0.0143191100204 0.445027382499 0.54065350748 
