0.00570387540941 0.988122676893 0.006173447698 
0.00574715050581 0.986932673576 0.00732017591868 
0.0067886247329 0.948605216114 0.0446061591527 
0.00974320628012 0.909601357853 0.0806554358668 
0.012018034069 0.886054623955 0.101927341976 
0.0147354035151 0.86932776301 0.115936833474 
0.0188626164005 0.855932831009 0.12520455259 
0.0254736618096 0.843444021411 0.131082316779 
0.0360913340668 0.829373711777 0.134534954157 
0.0525347122354 0.811225891008 0.136239396757 
0.0745371105526 0.788846333866 0.136616555582 
0.0972545854708 0.766763861257 0.135981553272 
0.115330531503 0.749933804966 0.134735663531 
0.127890468797 0.738787018165 0.133322513038 
0.136716249683 0.731251310586 0.132032439731 
0.143456355713 0.725578727339 0.130964916948 
0.149041263965 0.720846801833 0.130111934202 
0.153934748643 0.716634525644 0.129430725714 
0.158374340957 0.712748343325 0.128877315718 
0.162492448239 0.709091022164 0.128416529596 
0.166367443937 0.705609789273 0.128022766791 
0.170045002843 0.702276770902 0.127678226255 
0.173548730337 0.699080360807 0.127370908856 
0.176887374548 0.696019651586 0.127092973866 
0.180060799706 0.69309972202 0.126839478274 
0.183064982399 0.69032760161 0.126607415991 
0.185895786552 0.687709226061 0.126394987387 
0.188551353275 0.68524758794 0.126201058786 
0.191033192743 0.682942020506 0.126024786751 
0.193346271366 0.680788345273 0.12586538336 
0.195498469215 0.678779536544 0.125721994241 
0.197499751576 0.676906590387 0.125593658037 
0.199361305912 0.675159376959 0.125479317129 
0.201094791461 0.673527354063 0.125377854476 
0.202711763412 0.672000098177 0.125288138411 
0.204223277237 0.670567658664 0.125209064099 
0.205639648656 0.669220765299 0.125139586045 
0.206970333623 0.66795092644 0.125078739937 
0.208223892738 0.666750452747 0.125025654515 
0.209408009978 0.665612434767 0.124979555255 
0.210529542704 0.664530695293 0.124939762003 
0.211594586691 0.663499730762 0.124905682548 
0.2126085455 0.662514650742 0.124876803758 
0.213576197734 0.66157112075 0.124852681517 
0.214501758728 0.660665310984 0.124832930289 
0.215388935247 0.659793851894 0.124817212859 
0.216240973068 0.658953796369 0.124805230562 
0.21706069815 0.658142587701 0.124796714149 
0.217850552547 0.657358032072 0.124791415382 
0.218612626479 0.656598274127 0.124789099394 
0.219348688046 0.65586177409 0.124789537864 
0.220060211985 0.65514728494 0.124792503075 
0.220748408706 0.654453828327 0.124797762967 
0.221414254506 0.653780668153 0.124805077341 
0.222058523448 0.65312728119 0.124814195362 
0.222681820892 0.652493324579 0.124824854529 
0.223284618146 0.651878600628 0.124836781227 
0.223867287235 0.651283019877 0.124849692888 
0.224430134446 0.650706563861 0.124863301693 
0.224973431166 0.650149249246 0.124877319588 
0.225497440612 0.649611095108 0.12489146428 
0.226002439365 0.649092094895 0.12490546574 
0.226488733075 0.648592194216 0.124919072709 
0.226956666264 0.64811127507 0.124932058666 
0.227406626646 0.64764914656 0.124944226794 
0.22783904482 0.647205541582 0.124955413598 
0.22825439042 0.646780118617 0.124965490963 
0.228653165885 0.646372467511 0.124974366604 
0.229035898963 0.645982118027 0.124981983009 
0.229403134847 0.645608550047 0.124988315106 
0.229755428646 0.645251204435 0.124993366919 
0.230093338642 0.644909493797 0.12499716756 
0.230417420569 0.644582812559 0.124999766872 
0.230728222986 0.644270546023 0.125001230991 
0.231026283703 0.643972078209 0.125001638087 
0.231312127145 0.643686798418 0.125001074437 
0.231586262501 0.643414106551 0.124999630948 
0.231849182508 0.64315341729 0.124997400201 
0.232101362733 0.642904163248 0.12499447402 
0.232343261214 0.642665797235 0.124990941551 
0.232575318385 0.64243779379 0.124986887825 
0.232797957186 0.642219650082 0.124982392732 
0.23301158331 0.642010886332 0.124977530358 
0.233216585549 0.641811045828 0.124972368622 
0.233413336207 0.641619694644 0.124966969149 
0.23360219155 0.641436421121 0.124961387329 
0.233783492296 0.641260835187 0.124955672517 
0.233957564119 0.641092567549 0.124949868332 
0.234124718177 0.640931268811 0.124944013013 
0.234285251634 0.640776608539 0.124938139827 
0.234439448202 0.640628274313 0.124932277485 
0.234587578667 0.640485970768 0.124926450565 
0.234729901429 0.640349418649 0.124920679922 
0.234866663025 0.640218353892 0.124914983083 
0.234998098648 0.640092526733 0.124909374619 
0.235124432654 0.639971700855 0.124903866492 
0.235245879059 0.639855652575 0.124898468366 
0.235362642026 0.639744170072 0.124893187902 
0.235474916324 0.639637052661 0.124888031015 
0.235582887785 0.639534110105 0.12488300211 
0.235686733739 0.639435161971 0.124878104291 
0.235786623427 0.639340037031 0.124873339542 
0.235882718403 0.639248572698 0.124868708899 
0.235975172916 0.639160614496 0.124864212588 
0.236064134271 0.639076015576 0.124859850153 
0.236149743179 0.638994636254 0.124855620567 
0.236232134082 0.638916343588 0.124851522331 
0.236311435468 0.638841010981 0.124847553551 
0.236387770169 0.638768517814 0.124843712017 
0.236461255639 0.638698749099 0.124839995262 
0.236532004218 0.638631595163 0.124836400619 
0.236600123391 0.638566951347 0.124832925261 
0.236665716019 0.638504717731 0.12482956625 
0.236728880566 0.638444798874 0.12482632056 
0.236789711315 0.638387103571 0.124823185114 
0.236848298566 0.63833154463 0.124820156805 
0.236904728825 0.638278038659 0.124817232515 
0.23695908499 0.638226505873 0.124814409137 
0.237011446515 0.638176869904 0.124811683581 
0.237061889574 0.638129057631 0.124809052795 
0.237110487213 0.63808299902 0.124806513767 
0.237157309494 0.638038626967 0.12480406354 
0.23720242363 0.63799587716 0.12480169921 
0.237245894119 0.637954687943 0.124799417938 
0.237287782861 0.637915000188 0.124797216951 
0.237328149277 0.637876757179 0.124795093544 
0.237367050418 0.637839904499 0.124793045083 
0.237404541071 0.637804389922 0.124791069007 
0.237440673857 0.637770163316 0.124789162827 
0.237475499326 0.637737176547 0.124787324128 
0.237509066045 0.637705383389 0.124785550566 
0.237541420685 0.637674739443 0.124783839872 
0.2375726081 0.637645202053 0.124782189847 
0.237602671407 0.637616730231 0.124780598363 
0.237631652053 0.637589284586 0.12477906336 
0.237659589894 0.637562827257 0.124777582849 
0.237686523252 0.637537321844 0.124776154904 
0.237712488984 0.637512733349 0.124774777666 
0.237737522542 0.637489028119 0.124773449339 
0.237761658029 0.637466173784 0.124772168187 
0.237784928252 0.637444139211 0.124770932536 
0.237807364781 0.63742289445 0.124769740769 
0.237828997991 0.637402410684 0.124768591324 
0.237849857116 0.637382660187 0.124767482697 
0.237869970292 0.637363616275 0.124766413433 
0.2378893646 0.637345253269 0.124765382131 
0.237908066109 0.637327546452 0.124764387438 
0.237926099917 0.637310472031 0.124763428051 
0.237943490187 0.637294007102 0.124762502711 
0.237960260184 0.637278129612 0.124761610204 
0.23797643231 0.637262818329 0.124760749361 
0.237992028141 0.637248052807 0.124759919053 
0.238007068452 0.637233813357 0.124759118191 
0.238021573255 0.637220081018 0.124758345727 
0.238035561824 0.637206837528 0.124757600649 
0.238049052723 0.637194065296 0.124756881981 
0.238062063839 0.637181747378 0.124756188783 
0.238074612399 0.637169867454 0.124755520147 
0.238086715003 0.637158409798 0.124754875199 
0.238098387642 0.637147359262 0.124754253096 
0.238109645724 0.637136701251 0.124753653025 
0.238120504097 0.637126421701 0.124753074202 
0.238130977067 0.637116507062 0.124752515871 
0.23814107842 0.637106944276 0.124751977304 
0.238150821442 0.637097720761 0.124751457797 
0.238160218935 0.637088824391 0.124750956674 
0.238169283241 0.637080243479 0.12475047328 
0.238178026251 0.637071966762 0.124750006987 
0.238186459429 0.637063983385 0.124749557187 
0.238194593822 0.637056282884 0.124749123293 
0.238202440082 0.637048855175 0.124748704742 
0.238210008474 0.637041690537 0.124748300989 
0.238217308892 0.637034779599 0.124747911509 
0.238224350878 0.637028113327 0.124747535795 
0.238231143628 0.637021683013 0.124747173359 
0.238237696006 0.637015480264 0.124746823731 
0.23824401656 0.637009496984 0.124746486456 
0.238250113531 0.637003725373 0.124746161096 
0.238255994863 0.636998157907 0.124745847229 
0.238261668217 0.636992787334 0.124745544448 
0.238267140978 0.636987606661 0.124745252361 
0.238272420267 0.636982609145 0.124744970588 
0.238277512951 0.636977788285 0.124744698764 
0.238282425649 0.636973137813 0.124744436538 
0.238287164747 0.636968651684 0.124744183569 
0.238291736401 0.63696432407 0.124743939529 
0.238296146546 0.63696014935 0.124743704104 
0.238300400908 0.636956122105 0.124743476987 
0.238304505005 0.636952237109 0.124743257886 
0.238308464163 0.636948489321 0.124743046516 
0.238312283514 0.636944873881 0.124742842604 
0.238315968009 0.636941386103 0.124742645887 
0.238319522424 0.636938021466 0.124742456111 
0.238322951361 0.63693477561 0.124742273029 
0.238326259263 0.636931644332 0.124742096405 
0.238329450412 0.636928623576 0.124741926012 
0.238332528938 0.636925709434 0.124741761628 
0.238335498826 0.636922898132 0.124741603042 
0.238338363917 0.636920186034 0.124741450048 
0.238341127917 0.636917569632 0.12474130245 
